325337 2568863 -518661 2000000
3988825 837820 4305648 2127118
1611311 2053174 2827226 1579510
101890 3940049 955472 3457514
3962702 2558425 4226981 2604726
2957890 2160813 2827226 1579510
3907456 3325610 3696221 3226373
3354177 3435919 3696221 3226373
3997379 3071868 3696221 3226373
145143 1714962 -518661 2000000
611563 3148864 955472 3457514
3080405 3904777 3696221 3226373
644383 10732 364635 -294577
3229566 1694167 2827226 1579510
1600637 3984884 955472 3457514
2959765 2820860 2491502 2897876
2235330 3427797 2491502 2897876
2428996 210881 2827226 1579510
369661 687805 364635 -294577
3558476 2123614 4305648 2127118
3551529 2825104 3696221 3226373
64895 3577 364635 -294577
3079531 1538659 2827226 1579510
